-9.468797185198863930e-01
-9.441419934849371032e-01
-9.355708414079971780e-01
-9.206884106449187977e-01
-8.991036403880070527e-01
-8.705210918811892018e-01
-8.347482902506363489e-01
-7.917014483966231531e-01
-7.414094702694686845e-01
-6.840161584241607473e-01
-6.197805795715394250e-01
-5.490755714552437716e-01
-4.723844043066010023e-01
-3.902956398827953644e-01
-3.034962601979461772e-01
-2.127631660434978755e-01
-1.189531718126201065e-01
-2.299164756735239123e-02
7.414001867696207171e-02
1.714179461834173246e-01
2.677900657384733041e-01
3.621909814887687151e-01
4.535571595577601034e-01
5.408422069197424964e-01
6.230320020724402497e-01
6.991594409201868920e-01
7.683185669296392906e-01
8.296778639603012984e-01
8.824925030548609328e-01
9.261153506945505320e-01
9.600065653238663010e-01
9.837416310191213764e-01
9.970177016638064327e-01
9.996581555093542182e-01
9.916152881185877899e-01
9.729711009612134198e-01
9.439361728879602786e-01
9.048466318730368219e-01
8.561592743009804884e-01
7.984449082054776436e-01
7.323800247784244544e-01
6.587369287108364446e-01
5.783724820837337077e-01
4.922156382105509209e-01
4.012539606967253647e-01
3.065193387256972546e-01
2.090731219527315332e-01
1.099909071918359071e-01
1.034721417721162773e-02
-8.879971101092187791e-02
-1.864227287647461928e-01
-2.815400451833911522e-01
-3.732286378212963385e-01
-4.606366614749827226e-01
-5.429946442436183185e-01
-6.196253038232663046e-01
-6.899518364144916482e-01
-7.535045553764978532e-01
-8.099257834491028207e-01
-8.589729305567470607e-01
-9.005197184522849563e-01
-9.345555432818453134e-01
-9.611829970756604613e-01
-9.806135987121128439e-01
-9.931618135883188980e-01
-9.992374685993036243e-01
-9.993366946395028094e-01
-9.940315522836854489e-01
-9.839585172032510041e-01
-9.698060198930756881e-01
-9.523012491350644204e-01
-9.321964400698254938e-01
-9.102548756048759460e-01
-8.872368340318353974e-01
-8.638857160914020783e-01
-8.409145813096075006e-01
-8.189933162890467022e-01
-7.987366468915155782e-01
-7.806931920691301263e-01
-7.653357397199704870e-01
-7.530529046439247143e-01
-7.441423057837490695e-01
-7.388053748264916676e-01
-7.371438813179354010e-01
-7.391582311436057928e-01
-7.447475660121556373e-01
-7.537116619135252327e-01
-7.657545948951843817e-01
-7.804901133845284500e-01
-7.974486281552852773e-01
-8.160857043459763815e-01
-8.357919151211183895e-01
-8.559038940229265480e-01
-8.757164031580504382e-01
-8.944952174230503816e-01
-9.114906112689241668e-01
-9.259512242617877753e-01
-9.371380750808370186e-01
-9.443384907145374596e-01
-9.468797185198863930e-01
