0.000000000000000000e+00
1.375107895510683798e-01
2.750215791021367595e-01
4.125323686532051393e-01
5.500431582042735190e-01
6.875539477553418433e-01
8.250647373064102785e-01
9.625755268574787138e-01
1.100086316408547038e+00
1.237597105959615362e+00
1.375107895510683687e+00
1.512618685061752233e+00
1.650129474612820557e+00
1.787640264163888881e+00
1.925151053714957428e+00
2.062661843266025752e+00
2.200172632817094076e+00
2.337683422368162400e+00
2.475194211919230725e+00
2.612705001470299049e+00
2.750215791021367373e+00
2.887726580572436141e+00
3.025237370123504466e+00
3.162748159674572790e+00
3.300258949225641114e+00
3.437769738776709438e+00
3.575280528327777763e+00
3.712791317878846087e+00
3.850302107429914855e+00
3.987812896980983179e+00
4.125323686532051504e+00
4.262834476083119384e+00
4.400345265634188152e+00
4.537856055185256920e+00
4.675366844736324801e+00
4.812877634287393569e+00
4.950388423838461449e+00
5.087899213389530217e+00
5.225410002940598098e+00
5.362920792491666866e+00
5.500431582042734746e+00
5.637942371593803514e+00
5.775453161144872283e+00
5.912963950695940163e+00
6.050474740247008931e+00
6.187985529798076811e+00
6.325496319349145580e+00
6.463007108900213460e+00
6.600517898451282228e+00
6.738028688002350997e+00
6.875539477553418877e+00
7.013050267104487645e+00
7.150561056655555525e+00
7.288071846206624294e+00
7.425582635757692174e+00
7.563093425308760942e+00
7.700604214859829710e+00
7.838115004410897591e+00
7.975625793961966359e+00
8.113136583513034239e+00
8.250647373064103007e+00
8.388158162615171776e+00
8.525668952166238768e+00
8.663179741717307536e+00
8.800690531268376304e+00
8.938201320819445073e+00
9.075712110370513841e+00
9.213222899921580833e+00
9.350733689472649601e+00
9.488244479023718370e+00
9.625755268574787138e+00
9.763266058125854130e+00
9.900776847676922898e+00
1.003828763722799167e+01
1.017579842677906043e+01
1.031330921633012920e+01
1.045082000588119620e+01
1.058833079543226496e+01
1.072584158498333373e+01
1.086335237453440250e+01
1.100086316408546949e+01
1.113837395363653826e+01
1.127588474318760703e+01
1.141339553273867580e+01
1.155090632228974457e+01
1.168841711184081156e+01
1.182592790139188033e+01
1.196343869094294909e+01
1.210094948049401786e+01
1.223846027004508663e+01
1.237597105959615362e+01
1.251348184914722239e+01
1.265099263869829116e+01
1.278850342824935993e+01
1.292601421780042692e+01
1.306352500735149569e+01
1.320103579690256446e+01
1.333854658645363322e+01
1.347605737600470199e+01
1.361356816555577076e+01
