9.996724208770121356e-01
9.993278999313728317e-01
9.989023064168686128e-01
9.986962657146457589e-01
9.977796441708217667e-01
9.980532866597567887e-01
9.974955652161756614e-01
9.977725498528190462e-01
9.963212019518977725e-01
9.969708207047270898e-01
9.961887849088792990e-01
9.942780781510750510e-01
9.955281898577971189e-01
9.932870986158268689e-01
9.932818891980157439e-01
9.932116580188083965e-01
9.932147014100239923e-01
9.915768866855770858e-01
9.936673133226427979e-01
9.919697667227567184e-01
9.912912785977129326e-01
9.909182609164687294e-01
9.917333794550263759e-01
9.915749145331412828e-01
9.902574960542236404e-01
9.914545954074086564e-01
9.910984214187941177e-01
9.925156367647087752e-01
9.885509372140001139e-01
9.928551549833066758e-01
9.910020562518956355e-01
9.895000279550142386e-01
9.878527989582742697e-01
9.837346989838612332e-01
9.906233166308552329e-01
9.878705764621047436e-01
9.851451804832547232e-01
9.869099784882173765e-01
9.870796622030150180e-01
9.863545588393510810e-01
9.852371530229071528e-01
9.843893035009435577e-01
9.874288556005967887e-01
9.839016710952891431e-01
9.826247279336367546e-01
9.834247274566817465e-01
9.789292916454065407e-01
9.814338273088383247e-01
9.840132487134591877e-01
9.829317783714032197e-01
9.855616970296654511e-01
9.854105046022758607e-01
9.838194860023002919e-01
9.805407784601612997e-01
9.824544598040512167e-01
9.788300331093645612e-01
9.797396603466755893e-01
9.832468459748245904e-01
9.792270087343186713e-01
9.831167857706155644e-01
9.811504187952932998e-01
9.815681818840593653e-01
9.796663074512044211e-01
9.820933393410180567e-01
9.811061428582408261e-01
9.839529332796280725e-01
9.831436980852015228e-01
9.835570731169390735e-01
9.814331713637750587e-01
9.802562513444500469e-01
9.775827255556379658e-01
9.774696307729912048e-01
9.827132903072370862e-01
9.827709309810188643e-01
9.782907950391203089e-01
9.792345553405745751e-01
9.769822091465544256e-01
9.787824566705921603e-01
9.772845565917847033e-01
9.855958741079845487e-01
9.751732953823132322e-01
9.760116545916140973e-01
9.783218935778393854e-01
9.779325219989372098e-01
9.787353127181753765e-01
9.760171487269092561e-01
9.766361320856739026e-01
9.781987161912628626e-01
9.759422704140066074e-01
9.757477865839534470e-01
9.780845402823924450e-01
9.822475951123018634e-01
9.788017676970084402e-01
9.792246930109592684e-01
9.741275934164553840e-01
9.769208705858800634e-01
9.796667289448511839e-01
9.813556020488961584e-01
9.800357465675324509e-01
9.795203843072489702e-01
9.789351702791198040e-01
9.730746914872788755e-01
9.737892863211713435e-01
9.767903916196101211e-01
9.791405515440427809e-01
9.766839074178956803e-01
9.810502751830333379e-01
9.768642505518049246e-01
9.779790905594849537e-01
9.742123220824624452e-01
9.781389781454515875e-01
9.711737103227738865e-01
9.745102946842034708e-01
9.747343866806760238e-01
9.712414981823025428e-01
9.800626420082118040e-01
9.767314498613592910e-01
9.746780047457980212e-01
9.756316068222191662e-01
9.732903827686439913e-01
9.743456336317674049e-01
9.776268667477971963e-01
9.726048384033285643e-01
9.755176685138217119e-01
9.704338934702041453e-01
9.746196579659284209e-01
9.772822801032492457e-01
9.744270281085403163e-01
9.739245557732539860e-01
9.795056783005359202e-01
9.787772129055238857e-01
9.715642501600710856e-01
9.790556654953534998e-01
9.788439652413450931e-01
9.759232162603327376e-01
9.783045755359838225e-01
9.729294314807132027e-01
9.749523144646020656e-01
9.759200122217442930e-01
9.752850281132687815e-01
9.775461982031955488e-01
9.783283815588654786e-01
9.810666466571804634e-01
9.765142095763882368e-01
9.803457674231278451e-01
9.730800483532485723e-01
9.767915547511293317e-01
9.752488091125368630e-01
9.756259094367096818e-01
9.799838749386345915e-01
9.763588416849370288e-01
9.782545301737132215e-01
9.711426523461051952e-01
9.763306411672176832e-01
9.780335393902777064e-01
9.753695170881196974e-01
9.770803951917521601e-01
9.744960355279042030e-01
9.767029708079251193e-01
9.765622650401823979e-01
9.710751094408150985e-01
9.775415981418724698e-01
9.789318862869075266e-01
9.763899714819730402e-01
9.738153953743001745e-01
9.773717860886070863e-01
9.723212113938004553e-01
9.749602494097810990e-01
9.741853529478702312e-01
9.759574802627327683e-01
9.762890317767819459e-01
9.720154887115722842e-01
9.761627539227916150e-01
9.733986670737125868e-01
9.743501362149171729e-01
9.728016471088850592e-01
9.766093678688968494e-01
9.711678796212521725e-01
9.796918347805180227e-01
9.750118689823157325e-01
9.712015228629923280e-01
9.724972255258289566e-01
9.758381820362770354e-01
9.782394882269301872e-01
9.765339206494559887e-01
9.771932428487281053e-01
9.797858082772687993e-01
9.790604755421319361e-01
9.760661063063110765e-01
9.758176332113173146e-01
9.760003661248336515e-01
9.781809328644702761e-01
9.725129867872733813e-01
9.729601480274049363e-01
9.748569877794697192e-01
9.819140659732892296e-01
9.747640471054205280e-01
9.755334115718000687e-01
9.717715206602356437e-01
9.757813855139761960e-01
9.749657315908866195e-01
9.786101596709322337e-01
9.762069158626586196e-01
9.757050366033185318e-01
9.758130142986819466e-01
9.723235273205260709e-01
9.769648043600074327e-01
9.719545961632826137e-01
9.794359631519324871e-01
9.766545864102277319e-01
9.733504775525856356e-01
9.771088713819564564e-01
9.759601969445813596e-01
9.727719195708974809e-01
9.774387893914315839e-01
9.726038542277943844e-01
9.725738197622695314e-01
9.765052643151377332e-01
9.767753321043934900e-01
9.766308122265411340e-01
9.784204966639556966e-01
9.767276918616266679e-01
9.770582964947950311e-01
9.804163149791494947e-01
9.806177033689501554e-01
9.763371905727916689e-01
9.777092116957785128e-01
9.742699930936454811e-01
9.768332790091619477e-01
9.745345763643942227e-01
9.783800633701303928e-01
9.766526496764333931e-01
9.762476000271007592e-01
9.710112698932487074e-01
9.775474043021461501e-01
9.779800047281393960e-01
9.714965846766157043e-01
9.797530349066064792e-01
9.788190574044158820e-01
9.724727880170124239e-01
9.782134160273571188e-01
9.745966943014657824e-01
9.739914623659655657e-01
9.778352349143761835e-01
9.757615004852253637e-01
9.776541407355141544e-01
9.724261696530600574e-01
9.836268704446509137e-01
9.733602890297478050e-01
9.756662978062594638e-01
9.760454221991032853e-01
9.757497268440684657e-01
9.808902701689853343e-01
9.742465243551774456e-01
9.743820778139837824e-01
9.736314049922437652e-01
9.779338368976758789e-01
9.753829061829829561e-01
9.703152132468402247e-01
9.727789697967030857e-01
9.710203786900465373e-01
9.722080201372805819e-01
9.750687206204723401e-01
9.770031166028744218e-01
9.791023464749846195e-01
9.809145439425180912e-01
9.722139083796133008e-01
9.776942233708121321e-01
9.789449247191969183e-01
9.743920507203184256e-01
9.728631069808717502e-01
9.792284269136065644e-01
9.738844903124439512e-01
9.762180688299726405e-01
9.757651778209205373e-01
9.798170322517240072e-01
9.789110262669160623e-01
9.759091289532169089e-01
9.782017894507468725e-01
9.818639442575919363e-01
9.751218448289619145e-01
9.734286934283312709e-01
9.757047268194367629e-01
9.740363722749890707e-01
9.783949211742473118e-01
9.735182177817836013e-01
9.790126961647650505e-01
9.775962302822654992e-01
9.753066818602045274e-01
9.727219257966649435e-01
9.790720628715412488e-01
9.783715252793715456e-01
9.777494208287015320e-01
9.760558745466216823e-01
9.798825164847422275e-01
9.763272450527975543e-01
9.766082207778403745e-01
9.790897976175226836e-01
9.780016573271971270e-01
9.797762777774577936e-01
9.748527669654732941e-01
9.739133451148660470e-01
9.787363895934418911e-01
9.747958949341344326e-01
9.788295152425005030e-01
9.700250881159241390e-01
9.782603211976917956e-01
9.786502853275291791e-01
9.767667673283045859e-01
9.783373636912706672e-01
9.738910455666297539e-01
9.763449934671549757e-01
9.748881466898805526e-01
9.830490979514130423e-01
9.722502963355166283e-01
9.830008562032853670e-01
9.810430358341442059e-01
9.782848362686401567e-01
9.801368396802006000e-01
9.761200669519568551e-01
9.733005318745256984e-01
9.774508930833006870e-01
9.797796586352978121e-01
9.784711657539911789e-01
9.781349044665011983e-01
9.829178223029041428e-01
9.793079070536931940e-01
9.781651903678622029e-01
9.770827361120121290e-01
9.780111605312656886e-01
9.818954166236959491e-01
9.750432268435791361e-01
9.828353116485956109e-01
9.743578450982945949e-01
9.748363330958581541e-01
9.763469496076045973e-01
9.714595360072521002e-01
9.809856914185068888e-01
9.767576686771296535e-01
9.728015694848370920e-01
9.773384302217758002e-01
9.787917818955990112e-01
9.788108552588390410e-01
9.764537607249405005e-01
9.800501066370820302e-01
9.776224923484121421e-01
9.793441720990823107e-01
9.777031128775032220e-01
9.763097270737453037e-01
9.743308130511032505e-01
9.776697081950840307e-01
9.791165807373888308e-01
9.803771734045145791e-01
9.775562848706268460e-01
9.801209086406109661e-01
9.775803795446701416e-01
9.801324485426784472e-01
9.729231196171459484e-01
9.757784626612107104e-01
9.804853219094761263e-01
9.807403110002618218e-01
9.773996998866307795e-01
9.801659817099331873e-01
9.780207746076491349e-01
9.753598089700296070e-01
9.780478315566989433e-01
9.787120062761092143e-01
9.762235863915645906e-01
9.806508806177686166e-01
9.838527590422819769e-01
9.778146684985181691e-01
9.761570860701828112e-01
9.766086746091032778e-01
9.759975323163537775e-01
9.747544737724811448e-01
9.792155177251844478e-01
9.776237206400760771e-01
9.793166721018137233e-01
9.789154615628595790e-01
9.805927393548483639e-01
9.839428353160475371e-01
9.751204043204242389e-01
9.765408592146775923e-01
9.790352570839843116e-01
9.755618274788107058e-01
9.778593582710478627e-01
9.780266403870772063e-01
9.755041287471714062e-01
9.801408813205831905e-01
9.822229935644622989e-01
9.740073630585273090e-01
9.709203562632574558e-01
9.783782693168534550e-01
9.768938994723818103e-01
9.824783218262479467e-01
9.803901886451996672e-01
9.830142743794095805e-01
9.779594989386894976e-01
9.804123846775972817e-01
9.754851807175035638e-01
9.799979095230614279e-01
9.804944338811906190e-01
9.756993124716651922e-01
9.769249146671726836e-01
9.840865987510285517e-01
9.806057082568131467e-01
9.795647045430838640e-01
9.791970783126533462e-01
9.780061594106687073e-01
9.778348493925577145e-01
9.787275852181850366e-01
9.766777593087866416e-01
9.761442247040469367e-01
9.777065058292764288e-01
9.830375360052681089e-01
9.841046163960058824e-01
9.719376034269879838e-01
9.788354361980566853e-01
9.788301149272414792e-01
9.734358364749912118e-01
9.826848830818407654e-01
9.771037755566408523e-01
9.807338920218431344e-01
9.825427154935493235e-01
9.787030391451095879e-01
9.779013577150372782e-01
9.763183958717137623e-01
9.779531402887720049e-01
9.836949098097783617e-01
9.798451833633757824e-01
9.838375294618444400e-01
9.776328972121534067e-01
9.810565182427427589e-01
9.765598050346162573e-01
9.800930522842230541e-01
9.792605218543397605e-01
9.819045589673472962e-01
9.814445121512858083e-01
9.818935627909699537e-01
9.812728558267246326e-01
9.806021854753268485e-01
9.815778188708088603e-01
9.741750781792857250e-01
9.759295735591364540e-01
9.792487831245710872e-01
9.788689129697875080e-01
9.766240385984308325e-01
9.793974786052223047e-01
9.789347068954110664e-01
9.770883221256531082e-01
9.789297826298519745e-01
9.805408073632404520e-01
9.802687104058692702e-01
9.804857321788771340e-01
9.760675856779909010e-01
9.819776435737138653e-01
9.769106837494061502e-01
9.816729911322744639e-01
9.798203398975111611e-01
9.777406936057911890e-01
9.784134392309947748e-01
9.802141025578519073e-01
9.772318729145239580e-01
9.789547460773313503e-01
9.825185925817504495e-01
9.771649773033467268e-01
9.830371950531389125e-01
9.794830873888921152e-01
9.823647352397385513e-01
9.800118624056470829e-01
9.778648172450044029e-01
9.830504857943644925e-01
9.837370139675460923e-01
9.820098888198235398e-01
9.768578483700972592e-01
9.789135572108048633e-01
9.797052111689438236e-01
9.798676718129759600e-01
9.846563511064857499e-01
9.801740495054511726e-01
9.798339543674029484e-01
9.818978496347522400e-01
9.789855956983898322e-01
9.831552726058927494e-01
9.788943779955423530e-01
9.808184470644391029e-01
9.802716635186697891e-01
9.800038205270016345e-01
9.814424120835668619e-01
9.757724224932772250e-01
9.824629896439118770e-01
9.808918403518127604e-01
9.795736680388507089e-01
9.800237106943582299e-01
9.818364394618243063e-01
9.821526869571157725e-01
9.822874630657222328e-01
9.822066581013338959e-01
9.843733065397599624e-01
9.845172417874518134e-01
9.813462086115560812e-01
