9.985487334051441621e-01
9.984278712706782244e-01
9.982088245645773794e-01
9.980704206411203927e-01
9.980647138511625771e-01
9.974721890328037688e-01
9.973749074409359316e-01
9.969024474819889736e-01
9.967588139613698939e-01
9.966903568198921537e-01
9.971623959647004654e-01
9.967988824051394747e-01
9.959893184752414141e-01
9.966209608575730128e-01
9.958372508966550907e-01
9.959967596970946691e-01
9.955168310520765562e-01
9.963879558774748624e-01
9.935864296597672896e-01
9.953019806254324031e-01
9.956783716944865859e-01
9.939688049251075297e-01
9.954514632059205947e-01
9.942370693291630035e-01
9.934997763024492334e-01
9.929604570931162000e-01
9.945321328004206318e-01
9.924776257612600849e-01
9.929285319123580811e-01
9.927483733086078788e-01
9.930904837880853986e-01
9.936391672528522845e-01
9.931379643816879987e-01
9.911977034857277769e-01
9.917721713494001001e-01
9.909558571743285471e-01
9.916952960880072165e-01
9.928845221613725736e-01
9.926110348381042003e-01
9.904976122905881919e-01
9.909264813694116381e-01
9.914220439787856387e-01
9.906035488593347704e-01
9.895054440094821491e-01
9.906301322390966835e-01
9.906334812059529593e-01
9.913752866269545105e-01
9.911067726318905091e-01
9.888684680617093603e-01
9.897196797514142830e-01
9.901414530716562412e-01
9.905895510977126284e-01
9.905531544266548138e-01
9.918750011885527629e-01
9.891816061202797217e-01
9.889978529486720404e-01
9.893466274821810513e-01
9.901611572647074366e-01
9.912940793378141047e-01
9.893134893091547477e-01
9.893274407945753524e-01
9.911392998839622104e-01
9.895394003451595255e-01
9.888659696963809642e-01
9.894822408469992059e-01
9.876969029403130929e-01
9.899079081942533387e-01
9.881744425841555435e-01
9.885534370110017344e-01
9.876187083130075761e-01
9.893214844841778932e-01
9.907547009078119249e-01
9.885247912560092276e-01
9.891277667836700926e-01
9.872178467381402811e-01
9.879648590285912135e-01
9.876541114796097975e-01
9.885642466630247815e-01
9.891113140250417102e-01
9.857291227713989024e-01
9.868426321865385598e-01
9.860212987251373296e-01
9.917726129856825334e-01
9.861171962557151449e-01
9.890334663350700550e-01
9.881457556272302822e-01
9.865515976424743538e-01
9.870337301902032401e-01
9.869130987139650424e-01
9.860629734280809133e-01
9.876758319429949085e-01
9.879059120131419292e-01
9.875385874769599948e-01
9.888568406694717705e-01
9.866748489315512183e-01
9.850021587721750072e-01
9.877409018544586194e-01
9.865125346542903406e-01
9.856859173077915370e-01
9.868376362835349358e-01
9.858808180563416457e-01
9.891532585438881364e-01
9.860086818884994386e-01
9.887170140416995379e-01
9.882602817250243366e-01
9.874740438110501950e-01
9.877307677863984559e-01
9.857627877003576344e-01
9.867458380224797265e-01
9.877051302085786411e-01
9.860657151751183180e-01
9.867662968423925873e-01
9.888587843287500734e-01
9.845664651068152251e-01
9.853593714930782843e-01
9.854624772564246626e-01
9.864280151143781650e-01
9.888843007301545418e-01
9.858612990447888080e-01
9.904228780272806842e-01
9.859662633687761302e-01
9.874732546378418574e-01
9.857501031292336124e-01
9.880832214364528854e-01
9.891075300021454630e-01
9.868975568032185564e-01
9.871312874558522132e-01
9.852448280991222829e-01
9.859710278527638039e-01
9.877822139613784413e-01
9.850740605341887779e-01
9.859711262812149712e-01
9.859861801077204335e-01
9.867157220646335380e-01
9.854755117033749956e-01
9.853078705154715289e-01
9.859085367818889445e-01
9.879940211664537397e-01
9.845518491142561945e-01
9.876510813810853717e-01
9.885593712139364442e-01
9.851837520528158310e-01
9.865096203034346978e-01
9.873989645856332542e-01
9.847230444721554177e-01
9.856729106551561648e-01
9.846854065893173580e-01
9.880453694963265976e-01
9.867068464230622782e-01
9.831299567631603953e-01
9.865165223327793109e-01
9.824922900088717270e-01
9.859005407279450850e-01
9.865270418768617988e-01
9.887610103153003926e-01
9.869090412455117090e-01
9.875517766674178910e-01
9.850815256731135783e-01
9.868602939139089480e-01
9.879728743675936231e-01
9.872939823748416721e-01
9.869415251446627124e-01
9.862808543341267109e-01
9.897255089848758791e-01
9.866938639082842855e-01
9.855684812602093503e-01
9.870665606095329059e-01
9.856791892905459873e-01
9.872187865526554917e-01
9.855224905463112473e-01
9.863563262888596084e-01
9.849171335804760563e-01
9.894641144362379404e-01
9.875771484163521352e-01
9.870985087182834183e-01
9.868605344787113598e-01
9.848632567807616978e-01
9.878656492675835787e-01
9.872199778875412335e-01
9.862456828006752607e-01
9.854069119241595232e-01
9.852018894885199440e-01
9.884832481755424505e-01
9.844234634909573289e-01
9.847173473726856807e-01
9.877698398909174893e-01
9.875658353971272785e-01
9.843045146013696955e-01
9.877734164086670043e-01
9.884454664837899474e-01
9.853137633857426136e-01
9.832388211359258667e-01
9.862359605156142406e-01
9.879985363397602027e-01
9.864313806244665583e-01
9.852215499384486819e-01
9.892323290259784629e-01
9.870515551162999390e-01
9.870267164344638244e-01
9.878937888488374952e-01
9.864972307089409087e-01
9.869870961234693540e-01
9.876730127365078715e-01
9.870503462965654062e-01
9.835476064977808353e-01
9.876809704294328141e-01
9.872555595774916704e-01
9.893463621875335789e-01
9.862703418969136493e-01
9.866127352370464010e-01
9.898257872478293251e-01
9.900329753934741239e-01
9.861630535810953502e-01
9.862264034589285355e-01
9.862888946653528555e-01
9.885692366229291705e-01
9.865879831188265614e-01
9.869592597235005149e-01
9.868950257672095550e-01
9.858994221248565948e-01
9.859497849911804668e-01
9.879781982684565644e-01
9.869393427515367190e-01
9.864932806840487345e-01
9.857049025589771363e-01
9.862525211724336716e-01
9.852933081474438692e-01
9.870852873664668348e-01
9.895235825945888353e-01
9.866516495465786907e-01
9.859641044444140690e-01
9.878495965656947098e-01
9.861838173920663975e-01
9.878966246917038063e-01
9.877133593938068890e-01
9.874241052759794579e-01
9.870851554360121627e-01
9.903756372824144005e-01
9.881699411476275730e-01
9.858767924912353875e-01
9.894115320733064545e-01
9.890213182855552843e-01
9.877900758321841446e-01
9.878599136447175910e-01
9.870678006768227597e-01
9.877533540835395920e-01
9.906610085823946976e-01
9.892280083138763613e-01
9.874297996855297965e-01
9.885815789593030978e-01
9.893626696643897933e-01
9.867661767036728371e-01
9.872131523886472637e-01
9.854813337482831725e-01
9.856180647457466470e-01
9.884137478567320834e-01
9.903070635707569291e-01
9.880275413111931915e-01
9.878744469412589213e-01
9.848884409438342091e-01
9.880500494035326930e-01
9.887650689853028085e-01
9.873467875489559953e-01
9.912581133082772888e-01
9.889383458006846261e-01
9.892099802150515764e-01
9.890093542630827850e-01
9.913195865628070536e-01
9.877315515028158854e-01
9.882519934055153943e-01
9.903977266983101657e-01
9.869499433373729591e-01
9.906125459288834811e-01
9.879421631524113456e-01
9.899572782022885153e-01
9.891461391493198141e-01
9.885895525822627761e-01
9.878516735769393708e-01
9.889514716144510720e-01
9.885166718339798431e-01
9.892738196360264524e-01
9.889509180025559676e-01
9.902130576963703579e-01
9.911135324591565654e-01
9.855646174214824917e-01
9.856612895789355067e-01
9.883087008928043149e-01
9.863708992104728290e-01
9.895273108499998971e-01
9.889182204876733051e-01
9.901281217005263313e-01
9.873351834595669452e-01
9.898667535707414977e-01
9.863608734965132463e-01
9.912266728877469069e-01
9.888587010463320004e-01
9.864203007486535002e-01
9.893975922553822633e-01
9.875112823624235814e-01
9.869452007832788532e-01
9.877057042393805331e-01
9.881120612138650783e-01
9.895080725191031101e-01
9.900674084519522911e-01
9.912068838727697839e-01
9.897743077503969866e-01
9.897249768744978971e-01
9.909044237613418016e-01
9.882879136320877889e-01
9.893805871853358358e-01
9.879613213467659527e-01
9.880919316801508590e-01
9.880103251772265338e-01
9.895276165687463266e-01
9.894434683412064446e-01
9.908649510455472820e-01
9.884951552535921060e-01
9.906016935753713115e-01
9.892505235810786779e-01
9.902467822478192572e-01
9.896956913039354209e-01
9.897914043669808759e-01
9.882679220059195080e-01
9.894963340590656742e-01
9.895393616030752071e-01
9.910809859349372086e-01
9.892680235130032473e-01
9.910327448422636687e-01
9.900950338991508781e-01
9.894928816257462234e-01
9.897082729939873369e-01
9.891046329787811509e-01
9.879489592866989023e-01
9.891106683067021343e-01
9.895099093219903441e-01
9.868725670625805302e-01
9.872333298920368261e-01
9.891344098538259466e-01
9.892594278001880514e-01
9.876756930762904396e-01
9.894512437582022590e-01
9.872975561958187152e-01
9.893122050652342070e-01
9.892101126624017748e-01
9.887355375198776386e-01
9.896348717813140405e-01
9.899983194085216764e-01
9.928895167637621366e-01
9.886976883526522597e-01
9.884978747170373170e-01
9.920726931181373942e-01
9.891648702768742751e-01
9.883775324946567631e-01
9.891995283369634517e-01
9.897959975084973383e-01
9.923217808222338787e-01
9.899421901431249005e-01
9.873754532888834312e-01
9.924296237213902083e-01
9.906615781225567297e-01
9.906420623545927340e-01
9.922342060272545394e-01
9.887910932761845295e-01
9.913186305172867474e-01
9.889268772462143087e-01
9.897992592490142405e-01
9.904671801891444805e-01
9.894930769896631562e-01
9.890071683317159801e-01
9.904300359845210622e-01
9.896414754542415260e-01
9.906654094860996018e-01
9.885977173153484010e-01
9.896138828121980868e-01
9.873747518607692841e-01
9.911033629403688261e-01
9.917563774640193452e-01
9.920518007869140176e-01
9.911844134497233005e-01
9.921940960651665087e-01
9.933865601780681454e-01
9.885271103326098707e-01
9.909262907375392393e-01
9.896422642560200877e-01
9.905269594622072571e-01
9.902542971283018192e-01
9.903298461832333865e-01
9.906291979140333659e-01
9.894863295535171188e-01
9.912471992678472121e-01
9.908785711914324112e-01
9.892876807057737754e-01
9.898734774665284286e-01
9.901830336781853870e-01
9.900215266272094361e-01
9.917835219596703444e-01
9.882070902713373517e-01
9.878846883478890062e-01
9.909996674696543995e-01
9.871463752284762583e-01
9.871122520576522952e-01
9.884292280649066287e-01
9.878866766515451703e-01
9.900359485981730101e-01
9.896492160215284439e-01
9.915983580938741992e-01
9.910700897815434285e-01
9.910458532962382883e-01
9.892561110274541436e-01
9.905796044383998744e-01
9.915644645427953430e-01
9.929437127775649907e-01
9.914657326718336883e-01
9.899930195048176618e-01
9.915907830060508577e-01
9.897205415837474485e-01
9.905877090354663350e-01
9.903089928934288855e-01
9.904977215321456585e-01
9.916994835585776213e-01
9.909261654215076875e-01
9.902430650608978757e-01
9.879967735956839414e-01
9.927993404569943614e-01
9.905757879025439694e-01
9.901225051560718082e-01
9.904776836778247384e-01
9.905152054561838781e-01
9.925939559604609608e-01
9.903533593267171975e-01
9.916520975215011857e-01
9.927931825376181685e-01
9.909974700646566603e-01
9.907336873391965337e-01
9.902123673321252539e-01
9.879152379661421124e-01
9.904591190744385099e-01
9.903270436420328338e-01
9.911374238784982360e-01
9.914247540448287710e-01
9.898199034698903498e-01
9.907790241603530168e-01
9.904153402595438083e-01
9.910677039694524293e-01
9.907719299941601943e-01
9.906499076700123751e-01
9.930314486588256440e-01
9.903075468478601540e-01
9.919005725969971543e-01
9.904526210151860521e-01
9.885234591799390014e-01
9.892046266769024543e-01
9.910357308557828926e-01
9.910497141717227176e-01
9.872698598260020164e-01
9.910260838424963525e-01
9.874654542114758016e-01
9.902249875820889891e-01
9.905317020802701933e-01
9.909759825250247234e-01
9.905178143949245895e-01
9.904876903457311421e-01
9.897910132165581576e-01
9.924155826436852346e-01
9.907582315206258095e-01
9.918340891050161368e-01
9.906499422909551544e-01
9.902470553002260534e-01
9.905192788339313159e-01
9.909709842355933773e-01
9.900985174296389468e-01
9.905013063390452066e-01
9.921346398815980017e-01
9.919926527225603197e-01
9.899070611045962531e-01
9.901068461124041820e-01
9.915471512073412708e-01
9.909653824568362968e-01
9.911698640576688257e-01
9.928717128905367728e-01
9.903356390468134318e-01
9.927097726530094146e-01
9.903509321011073618e-01
9.899942103578395214e-01
9.905371605225435916e-01
9.933568265176329071e-01
9.917548598599770227e-01
9.918531379037610618e-01
9.901494868062810095e-01
9.907834984419281454e-01
9.907906720407457790e-01
9.915634497474187237e-01
9.919454774916652839e-01
9.922776574812782746e-01
9.923066630262267207e-01
9.895327847668338173e-01
9.924486160363902298e-01
9.917836165120101910e-01
9.889296187529272864e-01
9.885625545971562511e-01
9.927670880972030432e-01
