9.997867935333337730e-01
9.997005152539842898e-01
9.996436146966695135e-01
9.996010827228815065e-01
9.995053589283811046e-01
9.992980648265853416e-01
9.992573246180548319e-01
9.989825477610576598e-01
9.988559004250275875e-01
9.986512890532178721e-01
9.985487921896557539e-01
9.986959301151774326e-01
9.987064884145324672e-01
9.986168960489631985e-01
9.980971053356508804e-01
9.984673982853629060e-01
9.978836258243458657e-01
9.976560719284346401e-01
9.975888252728927208e-01
9.975445845908066378e-01
9.977013979338807959e-01
9.974499635594328284e-01
9.974305988230545150e-01
9.974712754462511377e-01
9.969143017781145755e-01
9.972604439223053951e-01
9.975944708248213333e-01
9.969696041162854350e-01
9.968385655954761226e-01
9.968006191890873557e-01
9.970913180466475234e-01
9.967754018655594628e-01
9.963217306361329406e-01
9.961170906950382875e-01
9.962750862159679421e-01
9.962213260068961684e-01
9.959090227334391754e-01
9.961538408819207158e-01
9.955065517489498639e-01
9.962970272239826119e-01
9.954751339359876328e-01
9.966367898137892256e-01
9.957292720802709551e-01
9.958639557279684862e-01
9.956195491859136659e-01
9.950960650187753442e-01
9.949078433894026352e-01
9.955676472453889314e-01
9.954081431541215164e-01
9.954764843074671576e-01
9.944413976403918554e-01
9.956888897320739229e-01
9.948357233765603436e-01
9.939810615190103338e-01
9.957603214391150814e-01
9.946788254260561235e-01
9.943066402221842903e-01
9.944978858996080806e-01
9.945714030237923220e-01
9.947919007657402002e-01
9.938168074706631439e-01
9.949177711904942933e-01
9.938829738045145135e-01
9.936971767741006323e-01
9.937870525092766805e-01
9.943882271933432992e-01
9.934691617715083467e-01
9.938928671310478524e-01
9.932880984930591017e-01
9.921813489403110697e-01
9.939242169239833613e-01
9.931799670015766246e-01
9.926468222973149347e-01
9.919144826369984402e-01
9.927775914112332289e-01
9.941029198645127130e-01
9.925948719136475917e-01
9.924441198079635429e-01
9.931477887258716164e-01
9.923008798241867989e-01
9.931112828732385767e-01
9.918905292670515683e-01
9.926810315364781312e-01
9.938506391463969303e-01
9.933605666949779645e-01
9.913266046732420733e-01
9.927430124307479176e-01
9.935441259031170258e-01
9.915145895902648387e-01
9.929843390227205413e-01
9.924440958937218449e-01
9.922445988178671961e-01
9.927518832272477223e-01
9.921787841089912963e-01
9.919406265509385090e-01
9.918607404712957987e-01
9.912867922168058232e-01
9.922939851611101147e-01
9.920346786125499028e-01
9.919375774400813750e-01
9.916903199693926085e-01
9.914908954344818781e-01
9.911196513089994831e-01
9.926571849393763802e-01
9.912802198069365911e-01
9.913200498326687482e-01
9.922946207714977707e-01
9.909749889180873295e-01
9.921226628386837776e-01
9.909864268545726107e-01
9.924167363481166682e-01
9.922163218307625820e-01
9.913087985653855627e-01
9.908301841892086514e-01
9.911368064717520632e-01
9.924839015358679628e-01
9.915296033253204744e-01
9.919355157906812881e-01
9.914417479182012771e-01
9.907736930132075015e-01
9.921927544056368120e-01
9.899508001765557896e-01
9.910972670690547659e-01
9.913016032014130285e-01
9.910581340759425650e-01
9.913599259384774376e-01
9.916212189501373286e-01
9.914793343368117906e-01
9.898142792267127232e-01
9.911939294747051932e-01
9.911250610252584359e-01
9.916484880634601762e-01
9.915558579721127641e-01
9.904552158556789720e-01
9.911285122588827656e-01
9.907601349748796915e-01
9.907600197946565546e-01
9.909337590319797773e-01
9.909626694909328126e-01
9.911414683647917778e-01
9.893063559147009522e-01
9.912576887906299206e-01
9.910242901363384149e-01
9.915631590162893305e-01
9.901343250342574676e-01
9.899005081199762079e-01
9.905948265703813371e-01
9.918598215312625088e-01
9.908967304563223166e-01
9.899158922724307086e-01
9.905934530530281501e-01
9.903265339765507935e-01
9.898672861444915982e-01
9.892283171655589236e-01
9.900796239562025258e-01
9.888594136471049456e-01
9.894655036118804592e-01
9.918046506829014675e-01
9.889330975026129344e-01
9.904122955589719224e-01
9.895304369741129147e-01
9.900393493509465070e-01
9.884736613397727689e-01
9.902466626147051754e-01
9.891152154530853391e-01
9.896203997181950429e-01
9.898621709952966086e-01
9.883418332199340739e-01
9.900800497998247796e-01
9.880179780605339301e-01
9.911671971252902225e-01
9.904560494737564280e-01
9.896897575688118343e-01
9.889656675544540310e-01
9.904316214836980103e-01
9.899791406935257720e-01
9.902601055863935464e-01
9.901434262436455969e-01
9.894385247557896390e-01
9.902706445324449547e-01
9.900196134994402319e-01
9.886538471652431825e-01
9.906318747919750090e-01
9.897477484826534555e-01
9.889235699747236374e-01
9.892402087876139838e-01
9.905478608608091484e-01
9.888331299383754658e-01
9.892377477193914359e-01
9.897129873881503892e-01
9.907658484632005935e-01
9.891360145514747071e-01
9.898916581962713401e-01
9.888152928578379797e-01
9.890733994641958127e-01
9.887201407347073756e-01
9.888421566515027683e-01
9.890940112937283146e-01
9.902166018996928498e-01
9.894203002124044577e-01
9.891410417875324823e-01
9.895581538418952716e-01
9.890003812454770671e-01
9.886115827359627239e-01
9.889350533070331295e-01
9.881340561829462521e-01
9.887794403144636313e-01
9.894055486403389166e-01
9.893391546337150233e-01
9.894377861713228306e-01
9.890565893353963078e-01
9.893226068180374089e-01
9.888319464942160186e-01
9.886246500784768854e-01
9.892516091227773201e-01
9.887238634338908483e-01
9.883757232899862410e-01
9.892323533567674021e-01
9.885199825109842742e-01
9.882675421976231389e-01
9.882611000261234402e-01
9.887945706919134548e-01
9.895875150055417624e-01
9.892257677270841487e-01
9.894316637193850683e-01
9.886327489535929880e-01
9.890453947027076920e-01
9.892464374368843405e-01
9.878146418155384634e-01
9.890091584445055428e-01
9.890353525645190214e-01
9.880169931127519289e-01
9.892563673979398731e-01
9.882085308256832734e-01
9.877097162603398761e-01
9.875477936027815540e-01
9.890612664956408562e-01
9.887750629824456627e-01
9.882141009332373605e-01
9.894162263894682452e-01
9.880836935448186198e-01
9.887624107059670431e-01
9.885063287362968465e-01
9.898047645562620955e-01
9.877633586331796556e-01
9.885547039660310675e-01
9.886202114366396954e-01
9.878342309458088000e-01
9.885553304685811282e-01
9.886529969413652141e-01
9.883721857264038402e-01
9.879482839143880479e-01
9.876729750859709611e-01
9.884968290899164289e-01
9.875778605492521178e-01
9.878253363350585348e-01
9.876926344234605581e-01
9.882007555262545262e-01
9.874196132354402522e-01
9.875756760238481036e-01
9.883587507868455413e-01
9.878066128525546663e-01
9.892332735435885871e-01
9.885483549980459417e-01
9.885088340523381367e-01
9.881230663300799577e-01
9.885030307601900823e-01
9.880528258598414437e-01
9.875400162426332118e-01
9.880455800376819475e-01
9.881289474725097888e-01
9.884478566396893706e-01
9.879139283479044797e-01
9.885973565803978236e-01
9.884250002768588672e-01
9.883344331306683772e-01
9.877309338983457643e-01
9.878377312570919555e-01
9.888945594965915520e-01
9.886501632716527821e-01
9.885907496492839508e-01
9.873545942681656307e-01
9.877349994507855779e-01
9.877251550299509519e-01
9.886682813762620592e-01
9.883723334026875973e-01
9.882075650817454537e-01
9.876127324009846831e-01
9.883808033664861492e-01
9.876865852320214634e-01
9.881448289565917253e-01
9.873273683787648913e-01
9.885729717988323006e-01
9.874239735914388527e-01
9.877095904801830306e-01
9.873944028140103635e-01
9.880276772034690680e-01
9.881432112960877312e-01
9.878124746555752012e-01
9.888784201484149827e-01
9.873256732745194775e-01
9.880197299825614898e-01
9.880277975537626878e-01
9.872098307100757308e-01
9.876191803924555535e-01
9.872546398318283734e-01
9.876653698242521262e-01
9.884458637662709712e-01
9.885008262614335406e-01
9.871403043888622442e-01
9.873078695381042325e-01
9.871516685696803961e-01
9.867861587310797766e-01
9.879754614779264754e-01
9.872566723140525635e-01
9.873576379564223959e-01
9.881111444827666013e-01
9.874482511933208029e-01
9.874995774176983376e-01
9.881925482567098795e-01
9.875082042929169690e-01
9.868525633469211744e-01
9.874537585043146048e-01
9.880730471340740673e-01
9.880027651446711134e-01
9.874324726473646674e-01
9.884540280261439049e-01
9.877880444349521616e-01
9.865013588105168152e-01
9.867066677129340269e-01
9.870840202116448747e-01
9.874677967601860340e-01
9.879697172919842396e-01
9.873011652684609007e-01
9.878474529248946201e-01
9.874348703731212762e-01
9.869623962631942637e-01
9.873516156983369596e-01
9.876738201001002970e-01
9.867662296972729008e-01
9.874403175240620278e-01
9.879602462431549270e-01
9.867111976233090553e-01
9.874922615120411695e-01
9.872058531825225192e-01
9.875801980027080207e-01
9.871508145225167397e-01
9.875057928466057788e-01
9.865486359718987908e-01
9.871106438329185773e-01
9.873084283127150362e-01
9.882641153183994165e-01
9.867381765751872535e-01
9.865461574455325344e-01
9.871989318060316876e-01
9.871061218016572436e-01
9.870150386825385924e-01
9.873364029463758129e-01
9.873839690644573563e-01
9.875313368589269114e-01
9.878648707752767377e-01
9.866133731408114338e-01
9.878716569661207814e-01
9.872027281186074310e-01
9.880961711149045534e-01
9.876057944033551639e-01
9.884958764429909728e-01
9.868957548415245862e-01
9.874555932930014768e-01
9.882829615095204412e-01
9.869099722814909104e-01
9.871097505213143330e-01
9.875715297402406501e-01
9.876713381911902401e-01
9.871866691482853451e-01
9.870100075087140379e-01
9.866554059599761395e-01
9.867375260859664321e-01
9.872079732278682407e-01
9.870724205968193221e-01
9.879691477741030514e-01
9.863959407965394721e-01
9.869409877823424049e-01
9.871843729320841643e-01
9.871795251673368687e-01
9.867341920943788480e-01
9.872522223919949491e-01
9.874099599104341207e-01
9.876742535151403768e-01
9.881258116859186202e-01
9.863273631354263493e-01
9.870151504172700596e-01
9.860057330337396175e-01
9.878505847482080826e-01
9.863086158272257320e-01
9.864009684984827997e-01
9.867537098755646552e-01
9.871483700061201016e-01
9.869605499414403349e-01
9.873366455981226197e-01
9.872981829799850617e-01
9.865301423981158724e-01
9.860694499259186063e-01
9.864992047530326547e-01
9.867726331215880275e-01
9.873082271974640278e-01
9.870712389768856454e-01
9.876123457573591224e-01
9.864385186967663532e-01
9.862007139788668830e-01
9.874240102538985875e-01
9.870000365133319020e-01
9.859323075531764013e-01
9.867563181880264489e-01
9.867839489195765479e-01
9.870766231565097915e-01
9.860975642691861554e-01
9.864266992044463667e-01
9.863137805747625997e-01
9.864465944340894410e-01
9.865405689623073515e-01
9.869153837673687590e-01
9.865792763019413103e-01
9.874198408951170292e-01
9.870959946134826302e-01
9.864893457282885025e-01
9.870218683906131218e-01
9.866956840600427103e-01
9.877520591239344894e-01
9.857332665624172208e-01
9.875040713131238990e-01
9.862355124918356086e-01
9.862230472475541632e-01
9.864426058828391630e-01
9.869157802087688003e-01
9.876904822806417128e-01
9.874192548077799225e-01
9.868761766179857675e-01
9.870868917261143016e-01
9.874347605745620315e-01
9.867018454135259020e-01
9.873049864534039211e-01
9.864175901630072296e-01
9.859115687768025271e-01
9.862541254949405145e-01
9.869044815271971194e-01
9.877753630147737551e-01
9.868698313551310664e-01
9.864866524701496608e-01
9.871939464492730520e-01
9.871335117780926094e-01
9.859153792517912906e-01
9.861122966698316894e-01
9.874755278209317311e-01
9.872326347625599574e-01
9.859593026284223516e-01
9.864062717263388791e-01
9.871212383712248961e-01
9.865197212223326684e-01
9.862305977862902973e-01
9.867276707457717233e-01
9.864447289173000621e-01
9.868582175936870815e-01
9.863220869525554102e-01
9.853798041744155078e-01
9.865026334612344572e-01
9.865309123831466076e-01
9.865941703437345334e-01
9.864417310881766765e-01
9.858684563105744036e-01
9.860640594821034055e-01
9.864791961366006223e-01
9.863778363043400610e-01
9.868420890805700285e-01
9.865042062007011170e-01
9.861098661774611029e-01
9.872598167435389094e-01
9.858207914958896367e-01
9.858124158983981866e-01
9.861995732247148538e-01
9.867849999528769400e-01
9.863495520868578170e-01
9.858527532380959579e-01
9.864063499285954384e-01
9.863942714609033047e-01
9.865821603408919671e-01
9.874817756269802516e-01
9.858662036595545741e-01
9.858604416118633695e-01
9.867761179856145981e-01
9.870944315654204271e-01
9.867752371348141871e-01
9.870880555095199460e-01
9.872727071228363238e-01
9.867444795311197669e-01
9.866224534053724682e-01
9.857100965455461994e-01
9.862458945579842817e-01
9.867983752976912104e-01
9.869245446039744962e-01
9.878454801811340502e-01
