9.916920584286116336e-01
9.914654348574284404e-01
9.913161585186164304e-01
9.910126040373691270e-01
9.907225011477059917e-01
9.904100835474791698e-01
9.905336114653665591e-01
9.900604005809040542e-01
9.895409744186672851e-01
9.889700161426218106e-01
9.894953252042719694e-01
9.893777374534522551e-01
9.890497536016820135e-01
9.890885758299038377e-01
9.887365041277541566e-01
9.881305308797938558e-01
9.885600183216435299e-01
9.884863772593196485e-01
9.874781364502133174e-01
9.857846993061691876e-01
9.871484186497332391e-01
9.864620869928276692e-01
9.881112593351879525e-01
9.854391579048993322e-01
9.854496217771511191e-01
9.852473347823490490e-01
9.860792301326215537e-01
9.849474196877919807e-01
9.867334077407839965e-01
9.858140139624501641e-01
9.864145036881276640e-01
9.861630258062046295e-01
9.848833488708440553e-01
9.827569294009855794e-01
9.862840236123656679e-01
9.846439678339667934e-01
9.848602121481195848e-01
9.846639256015881081e-01
9.836638891844433630e-01
9.836435146069125723e-01
9.830356170717461373e-01
9.848581030521383894e-01
9.840658933407681053e-01
9.815798407378585333e-01
9.838402816117505223e-01
9.824835803222516928e-01
9.832162232463441676e-01
9.817948566630245733e-01
9.828489808785683124e-01
9.825176757895300872e-01
9.819992226351929032e-01
9.810138303146682670e-01
9.819968367434920298e-01
9.814774558195793475e-01
9.832506143650829866e-01
9.826453047926437812e-01
9.800845756474787507e-01
9.814857197919054643e-01
9.821735731125043056e-01
9.811167790051783522e-01
9.817629308331130567e-01
9.788099564488997872e-01
9.810496224456963787e-01
9.832554766729394435e-01
9.782365974042567247e-01
9.809151953094136234e-01
9.818661724964364845e-01
9.813780002967463778e-01
9.796478865600208863e-01
9.823529974651495911e-01
9.785289975782021088e-01
9.801217903144169297e-01
9.786343939228031585e-01
9.770521679413890492e-01
9.801824387488261570e-01
9.794369115529898417e-01
9.793812353630639844e-01
9.782083494093348763e-01
9.778106841725734411e-01
9.780551195835243128e-01
9.779891080040694629e-01
9.789076764215653981e-01
9.781683685611043400e-01
9.745717291433131368e-01
9.747904827219774360e-01
9.811200611019991191e-01
9.805512505930845668e-01
9.740438666827972991e-01
9.786270095422638926e-01
9.791225196543356102e-01
9.777813056342651299e-01
9.800534586130540404e-01
9.799294470287859271e-01
9.801410578568573451e-01
9.772665107988294242e-01
9.785428230135051475e-01
9.782310220581457161e-01
9.788750871382058127e-01
9.765185879869721086e-01
9.810417726114981640e-01
9.763722463387506378e-01
9.801423704592678865e-01
9.774791313344403099e-01
9.790569423192293508e-01
9.776692470906094279e-01
9.761694748498898067e-01
9.750986901814936436e-01
9.799537751538733854e-01
9.773863506031145176e-01
9.747925406389916780e-01
9.776375109973106659e-01
9.780272195943777724e-01
9.775190130639671571e-01
9.776967966905196761e-01
9.794617375595572328e-01
9.772309295334530299e-01
9.786833498750002747e-01
9.730356473295264097e-01
9.753777200671599479e-01
9.798122352361686715e-01
9.784090657424298065e-01
9.774998955314856408e-01
9.761816245402231695e-01
9.741593425378533011e-01
9.761939737686896601e-01
9.758327570687977959e-01
9.779418355981289723e-01
9.755448348930175761e-01
9.735703830176138940e-01
9.766496122611034725e-01
9.762445453594752465e-01
9.733875267213006888e-01
9.785512882152614944e-01
9.773944868363630967e-01
9.802964389563222358e-01
9.794541562599359263e-01
9.776461332826522632e-01
9.741872566902891606e-01
9.713816076046747350e-01
9.781222776008370312e-01
9.792024828910134149e-01
9.768301574178336333e-01
9.758396516949588984e-01
9.781518307909001786e-01
9.765801832093021773e-01
9.753055411677308273e-01
9.746036772396411418e-01
9.794927884408271002e-01
9.750763974086531505e-01
9.764179743865034622e-01
9.767421527120578872e-01
9.764843196342367637e-01
9.791473321834091026e-01
9.788899961343575651e-01
9.789342589965522867e-01
9.769912917494099069e-01
9.723960112451840443e-01
9.755540764399319720e-01
9.759111774985672616e-01
9.785905900043502248e-01
9.726204166804524043e-01
9.731047295770861583e-01
9.746554539025055197e-01
9.786639510382170171e-01
9.734633560964695009e-01
9.742729058975158063e-01
9.786123915278774898e-01
9.749910032735498167e-01
9.747730437024860750e-01
9.749726616621418041e-01
9.777248073613918899e-01
9.724791554278120476e-01
9.734500531323034833e-01
9.764565835480830680e-01
9.727323964634511100e-01
9.743850757425881470e-01
9.761923718584148979e-01
9.750117738827560609e-01
9.757311624476859846e-01
9.764854172562882351e-01
9.758615355168630545e-01
9.787151507638722769e-01
9.769527555015757869e-01
9.736589762175729135e-01
9.748020185326083942e-01
9.761240081772277755e-01
9.737109991894112859e-01
9.791233902516985887e-01
9.764779380263103326e-01
9.747925501383012392e-01
9.765929896859119053e-01
9.788903389190573012e-01
9.781358633210155418e-01
9.767597297726796635e-01
9.771503363617269899e-01
9.725131646425317911e-01
9.741392145223194410e-01
9.757116629898425764e-01
9.732528354111648072e-01
9.728263259702786270e-01
9.764627773914464903e-01
9.727490495354971234e-01
9.756136582961195680e-01
9.749944320146499699e-01
9.746494590924864587e-01
9.767384824843950986e-01
9.713917315316479284e-01
9.764107539916031531e-01
9.737342262604693488e-01
9.763170803285891042e-01
9.758833496985616085e-01
9.763100573541581007e-01
9.790799932178791964e-01
9.738353879755781151e-01
9.763518619041708924e-01
9.760968431587743188e-01
9.761892906869397146e-01
9.772981974741032918e-01
9.773684134566317239e-01
9.714699275773089893e-01
9.761999099248325207e-01
9.778152064214191697e-01
9.727136264257845166e-01
9.738123296864407141e-01
9.758530594555787641e-01
9.759155430604998793e-01
9.782549207666124680e-01
9.754861888378389967e-01
9.753871437047939574e-01
9.727749936208733850e-01
9.794961825830706958e-01
9.749088358539564902e-01
9.752173738173666173e-01
9.738631414554724808e-01
9.776521020774489035e-01
9.745449465241391440e-01
9.738129710284046947e-01
9.722609026787522035e-01
9.719931127973190366e-01
9.743981475556589000e-01
9.747677599533409731e-01
9.744552648020776697e-01
9.778196595223498377e-01
9.726959841742319757e-01
9.752427433263619605e-01
9.771215914401537583e-01
9.707073481192866060e-01
9.781548382805392849e-01
9.739993587375646023e-01
9.755019469315141523e-01
9.732607664825642102e-01
9.746767244379063166e-01
9.745544763690290324e-01
9.786622329655612074e-01
9.756790022368291293e-01
9.767765242237926859e-01
9.748648668496042724e-01
9.758727526444741507e-01
9.741568673144473944e-01
9.766080861751591513e-01
9.759374016433207677e-01
9.770609360285205103e-01
9.718725472694491607e-01
9.764833961759712411e-01
9.729451159365807289e-01
9.738222978768807936e-01
9.769889941470755179e-01
9.763118962978688531e-01
9.751212581378930766e-01
9.740999159232308635e-01
9.748781422056478352e-01
9.787722813726401627e-01
9.751781013885546523e-01
9.759187056136102711e-01
9.795207509324445061e-01
9.786059634058089651e-01
9.760303942333200533e-01
9.730767044004438038e-01
9.749399421654069142e-01
9.721313006794949363e-01
9.759467208323948650e-01
9.726515009811486090e-01
9.759581626970771362e-01
9.738128622236790211e-01
9.774861326762577241e-01
9.774915783368344213e-01
9.771049550811953255e-01
9.748630134500918532e-01
9.724211133165994170e-01
9.757714738561076295e-01
9.736078849382981959e-01
9.753893642704092315e-01
9.718715360423264560e-01
9.728625199159874892e-01
9.754126874182650342e-01
9.735136053145335699e-01
9.746208127054424297e-01
9.723368578860850375e-01
9.741506143277248730e-01
9.730678681695241750e-01
9.738329540701687881e-01
9.737525334219537809e-01
9.729548520995386918e-01
9.745897512461282330e-01
9.718611611292354846e-01
9.749344008785477689e-01
9.770667494853149115e-01
9.742163786955924110e-01
9.740942782564420144e-01
9.746831850122029683e-01
9.713979349404107122e-01
9.746455881494237028e-01
9.755106959354737928e-01
9.748468707035969905e-01
9.723596101224477595e-01
9.735367402367574030e-01
9.740948632072879976e-01
9.759258752293498151e-01
9.779389557947614220e-01
9.740106864436459677e-01
9.739841211955330147e-01
9.759385771375516105e-01
9.757733565431833123e-01
9.728951802540578564e-01
9.752040735513120007e-01
9.744003629605710870e-01
9.756305762876437138e-01
9.753435168569005720e-01
9.699899335838921832e-01
9.746979963328503693e-01
9.749291000483752967e-01
9.765938658078417989e-01
9.742200184845728472e-01
9.738205795062297998e-01
9.744529166278619314e-01
9.744556689342994682e-01
9.759012702570902809e-01
9.765139095005714864e-01
9.725299291375667510e-01
9.749835150426316988e-01
9.732569717999881576e-01
9.756893482889961167e-01
9.733125075927994141e-01
9.738434893763383560e-01
9.746371805582657588e-01
9.742695333084347986e-01
9.712295576174934109e-01
9.736438170266025205e-01
9.769341251038065055e-01
9.723887546510672220e-01
9.779301807404728875e-01
9.724976078925078316e-01
9.722942663197391422e-01
9.731820576392991029e-01
9.738060720363763689e-01
9.695742794870216841e-01
9.725227790679998874e-01
9.751605044834753544e-01
9.748575067231159963e-01
9.731346287210779211e-01
9.741716921465132240e-01
9.749462197563537602e-01
9.722385796973058714e-01
9.752711329632983706e-01
9.750999289908116596e-01
9.770574452963062262e-01
9.748118884055593236e-01
9.737183209155927388e-01
9.753762826519112306e-01
9.730722185885741782e-01
9.770892872942258389e-01
9.729675467081907447e-01
9.730396340089531027e-01
9.716994236886827840e-01
9.728232784492419905e-01
9.727485802668736081e-01
9.753215045262670913e-01
9.735886500898347506e-01
9.722460284086267279e-01
9.730877939450998104e-01
9.746058663367292985e-01
9.732715474880927475e-01
9.744944318039779896e-01
9.742470771603561897e-01
9.739795370972272881e-01
9.752608318373180429e-01
9.746261617348130901e-01
9.742040837059413594e-01
9.743981938736059334e-01
9.719081790409569432e-01
9.747373136724765130e-01
9.718784936658967366e-01
9.756572620592368628e-01
9.711299913347425372e-01
9.709507620359972835e-01
9.739012638169146641e-01
9.747252548267464345e-01
9.734245656348713416e-01
9.745384318249027400e-01
9.757212251490807731e-01
9.753961067025893605e-01
9.764469157115254205e-01
9.743411894309315091e-01
9.767679165980803768e-01
9.714499549565057679e-01
9.728395315686029221e-01
9.733432962200705418e-01
9.753041938389299670e-01
9.727530881378029237e-01
9.726005067140857108e-01
9.761812665611299122e-01
9.724409116588026425e-01
9.726775436373260586e-01
9.721128338989435402e-01
9.727958014319195712e-01
9.735045982443677470e-01
9.718277666270039861e-01
9.754746802841037789e-01
9.729960758758416928e-01
9.715813396974068983e-01
9.745802509680877579e-01
9.748692835028289760e-01
9.728658080766697802e-01
9.763442253748375599e-01
9.753721175656209219e-01
9.731186631405286391e-01
9.743430651721374236e-01
9.728706499487838055e-01
9.762404329484158927e-01
9.774150555107207206e-01
9.732494872526586960e-01
9.744835718901042609e-01
9.729504350359978737e-01
9.760382605352566632e-01
9.749975655248174222e-01
9.752630040962774194e-01
9.730816356694009794e-01
9.749898029802709365e-01
9.742089762260798258e-01
9.753228649698502117e-01
9.718228352041028417e-01
9.694099735415750985e-01
9.743045136407232354e-01
9.717941334198230141e-01
9.748300109785370537e-01
9.732874590999839315e-01
9.740422021557063603e-01
9.710243658587655036e-01
9.745472361788062310e-01
9.712079743517479935e-01
9.742876355903622443e-01
9.762781666436051164e-01
9.738584536292584914e-01
9.744435280310450587e-01
9.748255054906078687e-01
9.721684886797570257e-01
9.712743084930715032e-01
9.720254573937182618e-01
9.753677689629201009e-01
9.738200208364854449e-01
9.751276919621035821e-01
9.740306808851010301e-01
9.734966077255707839e-01
9.750517616258541631e-01
9.722934954535930041e-01
9.724957133792854203e-01
9.747517900226619902e-01
9.732171801071708428e-01
9.762979197360828199e-01
9.731807543058533794e-01
9.745730687896891897e-01
9.738706268290902024e-01
9.734851360128384812e-01
9.748022101951090423e-01
9.743285515973361122e-01
9.715455425294651226e-01
9.722872801833850609e-01
9.721355015234154351e-01
9.731288869701386623e-01
9.742938574792565642e-01
9.731681738262716319e-01
9.729568885620574203e-01
9.738958542110173200e-01
9.717401533510552358e-01
9.729589937760955154e-01
9.728441696181243659e-01
9.741924570150251039e-01
9.713237158338720034e-01
9.691782521647153148e-01
9.707248596147012298e-01
9.735645652033098063e-01
9.740951994265633074e-01
9.732472655019458463e-01
9.763432724273507501e-01
9.733317853818941323e-01
9.715998451534156866e-01
9.736402508628896335e-01
9.713230366938241378e-01
9.718651064763348391e-01
9.716193825300253328e-01
9.723175625200354277e-01
