9.998458444403571788e-01
9.996789284397167297e-01
9.995259092898248765e-01
9.995160017735014168e-01
9.991637356174634110e-01
9.990184908890831217e-01
9.990448603034671748e-01
9.990437001897422009e-01
9.985992819806551735e-01
9.985493767378035290e-01
9.988034101171174850e-01
9.980547338498477750e-01
9.977952204774044320e-01
9.976989101075905975e-01
9.979675487574802828e-01
9.970740696052504681e-01
9.976544602640072812e-01
9.969373752057416604e-01
9.965494874515257173e-01
9.970992140959820116e-01
9.971039397004952676e-01
9.968977650679808900e-01
9.964011403592276661e-01
9.967072869314889116e-01
9.963064024483980763e-01
9.958814326455119881e-01
9.965547842210857876e-01
9.946240004912363375e-01
9.956818156601849878e-01
9.954270877419897356e-01
9.947226070167403122e-01
9.953117925101439001e-01
9.947888938125619696e-01
9.959268079808132335e-01
9.935687920468766476e-01
9.949230711254928305e-01
9.954200960277340693e-01
9.946112829512587794e-01
9.943724792386764433e-01
9.942757964493813549e-01
9.951913463410142491e-01
9.937603607780292059e-01
9.939002680870065998e-01
9.954933475218717964e-01
9.944653572311265011e-01
9.943606446200530247e-01
9.943964848390763889e-01
9.915070312014840903e-01
9.931696222380053118e-01
9.934425538680929924e-01
9.942982357223216772e-01
9.938505754558268901e-01
9.933451063013613025e-01
9.933543361262885396e-01
9.945878046867057121e-01
9.934977481198874472e-01
9.916662399095114155e-01
9.941521372156689740e-01
9.936419836262442296e-01
9.932108312952830920e-01
9.924606940319404824e-01
9.938301788313653740e-01
9.917888590308966412e-01
9.933427895177933120e-01
9.916834562397326414e-01
9.924076981410381304e-01
9.924900334490374121e-01
9.929856988354527347e-01
9.942345985428089339e-01
9.924425764379809500e-01
9.920957117457060992e-01
9.931043219312528647e-01
9.921353708876298194e-01
9.924343366950946210e-01
9.914766048165348789e-01
9.925778371611934103e-01
9.915789321575164683e-01
9.916169814464846910e-01
9.931084769694306091e-01
9.921000571357670994e-01
9.920992783357313050e-01
9.921854712556157363e-01
9.919425724397888944e-01
9.911311077285860360e-01
9.911264784885901458e-01
9.931019140866840234e-01
9.927722853792589897e-01
9.925795978301883427e-01
9.904374706076416457e-01
9.918087651441104269e-01
9.922229577475218942e-01
9.906743203545117504e-01
9.917370139775739668e-01
9.913563402849325801e-01
9.936280205386840425e-01
9.926008201441195444e-01
9.905162791371860953e-01
9.915437567009589559e-01
9.910014116163197162e-01
9.908947540668936460e-01
9.909643738853554096e-01
9.899857249173696916e-01
9.928743947215019627e-01
9.918051526515485605e-01
9.906234081852346440e-01
9.901618669217928659e-01
9.920655171258072613e-01
9.906469282956651412e-01
9.905763653156680615e-01
9.916651601672512584e-01
9.911974783917943954e-01
9.919679684356319527e-01
9.912115547950672845e-01
9.907101553969984709e-01
9.910397207232261030e-01
9.912458379699572442e-01
9.915491509581201290e-01
9.915030709772567619e-01
9.908427781449647975e-01
9.923593110738327949e-01
9.901751078425938823e-01
9.924663767734438480e-01
9.919369497509563649e-01
9.916952081545620246e-01
9.896030044388384184e-01
9.910014632310891747e-01
9.901125734212224971e-01
9.901807621174637530e-01
9.903008577299369231e-01
9.917405153526925865e-01
9.912226306711295898e-01
9.901282021581461201e-01
9.903094118175121974e-01
9.897300848075845092e-01
9.919662967184096347e-01
9.911861430318559263e-01
9.914672991828628046e-01
9.919649541526486258e-01
9.911490231707312804e-01
9.912477141738001984e-01
9.906239537937184814e-01
9.914385631292600420e-01
9.912046624027671671e-01
9.903857274077489947e-01
9.909982978803021370e-01
9.910205280152936114e-01
9.907917893371516183e-01
9.909280390067163324e-01
9.899697653093376681e-01
9.918424462037102041e-01
9.915129128817475879e-01
9.920502657418948100e-01
9.910499504144628657e-01
9.907450536252807582e-01
9.910486218326924890e-01
9.909444910210959412e-01
9.916209620119259549e-01
9.905111274473654692e-01
9.911240333455991758e-01
9.923042809425347555e-01
9.903284974785996342e-01
9.910780145742096314e-01
9.914531811402867989e-01
9.905409159715401479e-01
9.909366493625770822e-01
9.900212432504679194e-01
9.912669507416295156e-01
9.902347448034561905e-01
9.915879505162163987e-01
9.915222295466517011e-01
9.889094242768682319e-01
9.928175128481411260e-01
9.911686708601128437e-01
9.917164120354761137e-01
9.918670975311335569e-01
9.918050500639462586e-01
9.913255063378870746e-01
9.916612525846151271e-01
9.895136061062789201e-01
9.917570492163944040e-01
9.922291703777746941e-01
9.919278313413236736e-01
9.919323216803304089e-01
9.913526319856713620e-01
9.900158268310526033e-01
9.915289657775864240e-01
9.904860269111099846e-01
9.913198141943710961e-01
9.914038825043495207e-01
9.909385539879088656e-01
9.923753381504933913e-01
9.926563168633949497e-01
9.899564145541073223e-01
9.908907741330184038e-01
9.911966510139373909e-01
9.921197673088647528e-01
9.904987765782097275e-01
9.913834661456834008e-01
9.912299536541994138e-01
9.918550366874552271e-01
9.908588811725579371e-01
9.917076163923692622e-01
9.910763924464267571e-01
9.907811757241559159e-01
9.910247653148591684e-01
9.907884365626620227e-01
9.920003905560865753e-01
9.913804111163556643e-01
9.904582871904938912e-01
9.913674141895805203e-01
9.906139072249579014e-01
9.906089711841261636e-01
9.917259619432006179e-01
9.913756286103886373e-01
9.924756398007066327e-01
9.900681810654262671e-01
9.913288919179138459e-01
9.923601772391602571e-01
9.917670463238750234e-01
9.907218552876834172e-01
9.913426189252826370e-01
9.904352440911566857e-01
9.917382042243265694e-01
9.921258592485734384e-01
9.911022845774741796e-01
9.898527920113714407e-01
9.911882120633572768e-01
9.909635304341607442e-01
9.914363331006060820e-01
9.919232221113111203e-01
9.902032144779666645e-01
9.902401023408896608e-01
9.915502618248760447e-01
9.908936890380863893e-01
9.897880100901119693e-01
9.898588014609472907e-01
9.922375811514443367e-01
9.912826794754175941e-01
9.909005599025824118e-01
9.920457801974642553e-01
9.910594502331370181e-01
9.905847360900726928e-01
9.918787617005344615e-01
9.913533107031361480e-01
9.906353649069896683e-01
9.918656148739757317e-01
9.912763356154368211e-01
9.921045724815005240e-01
9.913606347203807179e-01
9.916346279171347478e-01
9.921605899877505852e-01
9.910607093712217042e-01
9.925719588861042775e-01
9.912240096284492541e-01
9.919693481406696156e-01
9.908886595125188101e-01
9.906848467201645470e-01
9.914265763597381875e-01
9.919632043009350975e-01
9.907963904257708343e-01
9.902786808019833353e-01
9.907034093991641255e-01
9.919843976114297579e-01
9.912380414859344180e-01
9.906114167039217211e-01
9.921151639542996614e-01
9.898337944538299071e-01
9.920947103144596158e-01
9.922286017407162539e-01
9.912806870951291760e-01
9.910747441232502508e-01
9.923746549385794591e-01
9.909819368732294409e-01
9.923788458574341886e-01
9.924755119819650417e-01
9.919583504490352421e-01
9.907760593666231630e-01
9.914843486314683929e-01
9.924139836860211838e-01
9.925180830526948439e-01
9.905160400321982861e-01
9.923493408089233414e-01
9.924453164222505341e-01
9.907205730813628541e-01
9.913154749873709370e-01
9.929974249097767158e-01
9.922794319955148268e-01
9.919564891079305502e-01
9.926479030336835541e-01
9.923000883491310820e-01
9.915900527605476800e-01
9.906699510786035612e-01
9.918580228351778771e-01
9.913581674389533305e-01
9.924844051523945554e-01
9.912338706524953524e-01
9.918103330309027132e-01
9.914312174665468325e-01
9.926410870422737176e-01
9.908821207134259623e-01
9.934066979935308739e-01
9.915368639244268589e-01
9.918797707022044552e-01
9.915425069700333216e-01
9.927795294726465825e-01
9.919260512579558542e-01
9.911979791715171961e-01
9.921463714654268351e-01
9.924082261121646154e-01
9.909563147376837522e-01
9.920190381400303403e-01
9.906121432655038417e-01
9.930130764472971938e-01
9.916253239860954860e-01
9.926547107666561232e-01
9.913492853689671591e-01
9.927435448783095140e-01
9.919480576602115462e-01
9.920247133320506672e-01
9.919104963800485786e-01
9.916571510796804434e-01
9.932339585960323625e-01
9.917999878900276567e-01
9.915263930580471285e-01
9.919527035849386998e-01
9.933188124449739975e-01
9.918709162605394702e-01
9.924564747613325855e-01
9.918295364465439246e-01
9.897794760329750030e-01
9.907085317484798370e-01
9.924362361744768490e-01
9.926426945942204982e-01
9.914742090989182577e-01
9.926321799595192452e-01
9.926403232976684921e-01
9.927390175705247399e-01
9.927496770617522115e-01
9.910544317115785873e-01
9.918282754609021312e-01
9.927650162972950776e-01
9.919279557558070559e-01
9.926110477416867361e-01
9.925202437960447543e-01
9.922850636690637716e-01
9.925380057188740723e-01
9.900836733806572809e-01
9.912144845923953618e-01
9.916922490483988106e-01
9.933025297981273871e-01
9.903342162528392389e-01
9.928697170213233170e-01
9.923712849132863001e-01
9.921830503828665826e-01
9.923688035849899114e-01
9.922577122993169185e-01
9.914186332724704842e-01
9.923167916573318870e-01
9.914357862938812938e-01
9.928000090774415920e-01
9.930231408973663187e-01
9.931933829869876718e-01
9.936523217102780636e-01
9.921162226873347922e-01
9.926425863416163953e-01
9.910110504499686224e-01
9.930387160522656798e-01
9.931800861105474221e-01
9.918694773785090568e-01
9.927452183398545182e-01
9.918142351766362497e-01
9.923553564912049874e-01
9.930834834823180080e-01
9.921037860605347314e-01
9.930201724102548644e-01
9.923471756068923399e-01
9.906747126484291011e-01
9.931805854824793389e-01
9.928049454587665190e-01
9.922258572401513321e-01
9.928615559662351542e-01
9.927506252770724737e-01
9.932193551551929955e-01
9.934733562829715092e-01
9.925749541152690814e-01
9.933089269875515770e-01
9.933745937790299241e-01
9.938242413784772467e-01
9.914740758566870094e-01
9.918620619166274022e-01
9.925200227742668746e-01
9.923560529651446194e-01
9.937106170367204783e-01
9.930163297162238889e-01
9.930329087593006143e-01
9.935569115438620535e-01
9.914228019970821038e-01
9.927259979041505034e-01
9.928806469315737404e-01
9.928704252799001040e-01
9.918215958095336626e-01
9.926153384518540124e-01
9.924109450704164948e-01
9.922699546100327561e-01
9.929268816889197380e-01
9.924018810676107361e-01
9.924487196825536595e-01
9.930129404676302229e-01
9.919496654421638970e-01
9.920060303134728974e-01
9.929166177340777999e-01
9.920028455689328117e-01
9.921891776729632184e-01
9.918699766280869579e-01
9.918477947125277083e-01
9.927681808409979380e-01
9.925777988351409675e-01
9.934945232464690301e-01
9.919162904024854122e-01
9.924239811185824323e-01
9.922953227873998472e-01
9.932194030952021802e-01
9.929822223863263853e-01
9.928644538567853450e-01
9.916492527183707884e-01
9.952061096856862354e-01
9.919412403091147912e-01
9.915551552330807983e-01
9.927053547947258805e-01
9.913985313818507450e-01
9.931436368577700735e-01
9.925798777940393336e-01
9.924954238111126648e-01
9.928305324506427887e-01
9.914293778342612162e-01
9.912980893482939981e-01
9.924919688985910371e-01
9.929225765214778621e-01
9.941858225223100254e-01
9.926752046848810185e-01
9.927015447263916048e-01
9.923392604942617989e-01
9.934282761387862593e-01
9.927462034097520593e-01
9.936795230694127623e-01
9.933623389758893252e-01
9.930939711600895725e-01
9.936087853399282466e-01
9.928559840450509322e-01
9.933862336083816302e-01
9.925749835017422251e-01
9.926793465346730461e-01
9.934693826894532842e-01
9.929159649030724344e-01
9.920612547817186933e-01
9.929478753386941081e-01
9.940501758923586673e-01
9.929183639727945376e-01
9.923430078165920154e-01
9.929828278355627980e-01
9.926904112393108992e-01
9.936474336021676734e-01
9.921107229709507092e-01
9.923030942649683217e-01
9.926731017421462910e-01
9.928703871836603856e-01
9.929211887023313698e-01
9.929886151779502290e-01
9.926918678014755582e-01
9.932750540029293695e-01
9.931359839746997098e-01
9.935913066982560160e-01
9.932028537842082505e-01
9.929126192114039462e-01
9.930449210130639637e-01
9.928400720801265900e-01
9.928933333884777390e-01
9.935913943728614806e-01
9.928866085680784215e-01
9.932564027129743289e-01
9.931324902361936546e-01
9.930470800895597749e-01
9.935373739756628853e-01
9.943077218467180067e-01
9.935820356692298683e-01
9.924483173989137041e-01
9.930443712475248708e-01
9.933171081304467132e-01
9.916314131747516747e-01
9.928449337501393801e-01
9.916788953113955252e-01
9.932143766313991096e-01
9.935749160923553758e-01
9.930204291621925750e-01
9.927896466236183493e-01
9.925818552934232430e-01
9.931957808719892311e-01
9.942428896416304340e-01
9.932010713387704470e-01
9.923890678711980717e-01
9.925156018814145220e-01
