0.000000000000000000e+00
7.404427129672912222e-02
1.480885425934582444e-01
2.221328138901873528e-01
2.961770851869164889e-01
3.702213564836456250e-01
4.442656277803747056e-01
5.183098990771038972e-01
5.923541703738329778e-01
6.663984416705620584e-01
7.404427129672912500e-01
8.144869842640203306e-01
8.885312555607494112e-01
9.625755268574786028e-01
1.036619798154207794e+00
1.110664069450936875e+00
1.184708340747665956e+00
1.258752612044395036e+00
1.332796883341124117e+00
1.406841154637853419e+00
1.480885425934582500e+00
1.554929697231311581e+00
1.628973968528040661e+00
1.703018239824769742e+00
1.777062511121498822e+00
1.851106782418228125e+00
1.925151053714957206e+00
1.999195325011686286e+00
2.073239596308415589e+00
2.147283867605144447e+00
2.221328138901873750e+00
2.295372410198602608e+00
2.369416681495331911e+00
2.443460952792061214e+00
2.517505224088790072e+00
2.591549495385519375e+00
2.665593766682248233e+00
2.739638037978977536e+00
2.813682309275706839e+00
2.887726580572435697e+00
2.961770851869165000e+00
3.035815123165893858e+00
3.109859394462623161e+00
3.183903665759352464e+00
3.257947937056081322e+00
3.331992208352810625e+00
3.406036479649539483e+00
3.480080750946268786e+00
3.554125022242997645e+00
3.628169293539726947e+00
3.702213564836456250e+00
3.776257836133185108e+00
3.850302107429914411e+00
3.924346378726643270e+00
3.998390650023372572e+00
4.072434921320101431e+00
4.146479192616831178e+00
4.220523463913560036e+00
4.294567735210288895e+00
4.368612006507018641e+00
4.442656277803747500e+00
4.516700549100476358e+00
4.590744820397205217e+00
4.664789091693934964e+00
4.738833362990663822e+00
4.812877634287392681e+00
4.886921905584122428e+00
4.960966176880851286e+00
5.035010448177580145e+00
5.109054719474309003e+00
5.183098990771038750e+00
5.257143262067767608e+00
5.331187533364496467e+00
5.405231804661226214e+00
5.479276075957955072e+00
5.553320347254683931e+00
5.627364618551413677e+00
5.701408889848142536e+00
5.775453161144871395e+00
5.849497432441600253e+00
5.923541703738330000e+00
5.997585975035058858e+00
6.071630246331787717e+00
6.145674517628517464e+00
6.219718788925246322e+00
6.293763060221975181e+00
6.367807331518704927e+00
6.441851602815433786e+00
6.515895874112162645e+00
6.589940145408891503e+00
6.663984416705621250e+00
6.738028688002350108e+00
6.812072959299078967e+00
6.886117230595808714e+00
6.960161501892537572e+00
7.034205773189266431e+00
7.108250044485995289e+00
7.182294315782725036e+00
7.256338587079453895e+00
7.330382858376183641e+00
