0.000000000000000000e+00
9.419191919191918783e-02
1.883838383838383757e-01
2.825757575757575912e-01
3.767676767676767513e-01
4.709595959595959114e-01
5.651515151515151825e-01
6.593434343434343425e-01
7.535353535353535026e-01
8.477272727272726627e-01
9.419191919191918227e-01
1.036111111111110983e+00
1.130303030303030365e+00
1.224494949494949525e+00
1.318686868686868685e+00
1.412878787878787845e+00
1.507070707070707005e+00
1.601262626262626165e+00
1.695454545454545325e+00
1.789646464646464485e+00
1.883838383838383645e+00
1.978030303030303028e+00
2.072222222222221966e+00
2.166414141414141348e+00
2.260606060606060730e+00
2.354797979797979668e+00
2.448989898989899050e+00
2.543181818181817988e+00
2.637373737373737370e+00
2.731565656565656308e+00
2.825757575757575690e+00
2.919949494949494628e+00
3.014141414141414010e+00
3.108333333333333393e+00
3.202525252525252331e+00
3.296717171717171713e+00
3.390909090909090651e+00
3.485101010101010033e+00
3.579292929292928971e+00
3.673484848484848353e+00
3.767676767676767291e+00
3.861868686868686673e+00
3.956060606060606055e+00
4.050252525252525437e+00
4.144444444444443931e+00
4.238636363636363313e+00
4.332828282828282696e+00
4.427020202020202078e+00
4.521212121212121460e+00
4.615404040404039954e+00
4.709595959595959336e+00
4.803787878787878718e+00
4.897979797979798100e+00
4.992171717171716594e+00
5.086363636363635976e+00
5.180555555555555358e+00
5.274747474747474740e+00
5.368939393939394122e+00
5.463131313131312616e+00
5.557323232323231998e+00
5.651515151515151381e+00
5.745707070707070763e+00
5.839898989898989257e+00
5.934090909090908639e+00
6.028282828282828021e+00
6.122474747474747403e+00
6.216666666666666785e+00
6.310858585858585279e+00
6.405050505050504661e+00
6.499242424242424043e+00
6.593434343434343425e+00
6.687626262626261919e+00
6.781818181818181301e+00
6.876010101010100684e+00
6.970202020202020066e+00
7.064393939393939448e+00
7.158585858585857942e+00
7.252777777777777324e+00
7.346969696969696706e+00
7.441161616161616088e+00
7.535353535353534582e+00
7.629545454545453964e+00
7.723737373737373346e+00
7.817929292929292728e+00
7.912121212121212110e+00
8.006313131313131493e+00
8.100505050505050875e+00
8.194696969696968480e+00
8.288888888888887863e+00
8.383080808080807245e+00
8.477272727272726627e+00
8.571464646464646009e+00
8.665656565656565391e+00
8.759848484848484773e+00
8.854040404040404155e+00
8.948232323232323537e+00
9.042424242424242919e+00
9.136616161616160525e+00
9.230808080808079907e+00
9.324999999999999289e+00
