-1.000000000000000000e+00
-9.944336803203590591e-01
-9.778035662840365294e-01
-9.503151685857339492e-01
-9.123076068185989040e-01
-8.642485683785056105e-01
-8.067273625064562692e-01
-7.404461788994949334e-01
-6.662096885593430384e-01
-5.849131505836608902e-01
-4.975292120210210722e-01
-4.050936083331322379e-01
-3.086899891103603855e-01
-2.094341071963905510e-01
-1.084576190798044459e-01
-6.891750150531561481e-03
9.414891989275764317e-02
1.935822985873965063e-01
2.903740027328194362e-01
3.835517247852306966e-01
4.722185216297358767e-01
5.555648213954813563e-01
6.328789648856132377e-01
7.035561220122654724e-01
7.671054499730349807e-01
8.231553883548636819e-01
8.714570164454324974e-01
9.118854292864619904e-01
9.444391209144624710e-01
9.692373952889166144e-01
9.865158570898791002e-01
9.966200653669818887e-01
9.999974624446323901e-01
9.971877180609363123e-01
9.888116539975988495e-01
9.755589370389270432e-01
9.581747476177275846e-01
9.374456476515549141e-01
9.141848835859158751e-01
8.892173693418670144e-01
8.633645985759352826e-01
8.374297363263520921e-01
8.121831367324980899e-01
7.883485261306275582e-01
7.665900795693911807e-01
7.475006038367515426e-01
7.315910216885266326e-01
7.192813304164455968e-01
7.108931835395841947e-01
7.066442176417184751e-01
7.066442176417184751e-01
7.108931835395841947e-01
7.192813304164455968e-01
7.315910216885261885e-01
7.475006038367515426e-01
7.665900795693911807e-01
7.883485261306275582e-01
8.121831367324985340e-01
8.374297363263516480e-01
8.633645985759346164e-01
8.892173693418667924e-01
9.141848835859154310e-01
9.374456476515549141e-01
9.581747476177273626e-01
9.755589370389270432e-01
9.888116539975988495e-01
9.971877180609363123e-01
9.999974624446323901e-01
9.966200653669818887e-01
9.865158570898795443e-01
9.692373952889168365e-01
9.444391209144626931e-01
9.118854292864626565e-01
8.714570164454324974e-01
8.231553883548641259e-01
7.671054499730349807e-01
7.035561220122665826e-01
6.328789648856141259e-01
5.555648213954824666e-01
4.722185216297363208e-01
3.835517247852324729e-01
2.903740027328205464e-01
1.935822985873976165e-01
9.414891989275764317e-02
-6.891750150530784325e-03
-1.084576190798033357e-01
-2.094341071963907730e-01
-3.086899891103588311e-01
-4.050936083331302395e-01
-4.975292120210201841e-01
-5.849131505836597800e-01
-6.662096885593428164e-01
-7.404461788994944893e-01
-8.067273625064557141e-01
-8.642485683785056105e-01
-9.123076068185989040e-01
-9.503151685857342823e-01
-9.778035662840361963e-01
-9.944336803203589481e-01
-1.000000000000000000e+00
