1.000000000000000021e-02
2.999999999999999889e-02
5.000000000000000278e-02
7.000000000000000666e-02
9.000000000000001055e-02
1.100000000000000144e-01
1.300000000000000044e-01
1.499999999999999944e-01
1.699999999999999845e-01
1.899999999999999745e-01
2.099999999999999645e-01
2.299999999999999545e-01
2.499999999999999445e-01
2.699999999999999623e-01
2.899999999999999800e-01
3.099999999999999978e-01
3.300000000000000155e-01
3.500000000000000333e-01
3.700000000000000511e-01
3.900000000000000688e-01
4.100000000000000866e-01
4.300000000000001044e-01
4.500000000000001221e-01
4.700000000000001399e-01
4.900000000000001577e-01
5.100000000000001199e-01
5.300000000000001377e-01
5.500000000000001554e-01
5.700000000000001732e-01
5.900000000000001910e-01
6.100000000000002087e-01
6.300000000000002265e-01
6.500000000000002442e-01
6.700000000000002620e-01
6.900000000000002798e-01
7.100000000000002975e-01
7.300000000000003153e-01
7.500000000000003331e-01
7.700000000000003508e-01
7.900000000000003686e-01
8.100000000000003864e-01
8.300000000000004041e-01
8.500000000000004219e-01
8.700000000000004396e-01
8.900000000000004574e-01
9.100000000000004752e-01
9.300000000000004929e-01
9.500000000000005107e-01
9.700000000000005285e-01
9.900000000000005462e-01
1.010000000000000453e+00
1.030000000000000471e+00
1.050000000000000488e+00
1.070000000000000506e+00
1.090000000000000524e+00
1.110000000000000542e+00
1.130000000000000560e+00
1.150000000000000577e+00
1.170000000000000595e+00
1.190000000000000613e+00
1.210000000000000631e+00
1.230000000000000648e+00
1.250000000000000666e+00
1.270000000000000684e+00
1.290000000000000702e+00
1.310000000000000719e+00
1.330000000000000737e+00
1.350000000000000755e+00
1.370000000000000773e+00
1.390000000000000790e+00
1.410000000000000808e+00
1.430000000000000826e+00
1.450000000000000844e+00
1.470000000000000862e+00
1.490000000000000879e+00
1.510000000000000897e+00
1.530000000000000915e+00
1.550000000000000933e+00
1.570000000000000950e+00
1.590000000000000968e+00
1.610000000000000986e+00
1.630000000000001004e+00
1.650000000000001021e+00
1.670000000000001039e+00
1.690000000000001057e+00
1.710000000000001075e+00
1.730000000000001092e+00
1.750000000000001110e+00
1.770000000000001128e+00
1.790000000000001146e+00
1.810000000000001164e+00
1.830000000000001181e+00
1.850000000000001199e+00
1.870000000000001217e+00
1.890000000000001235e+00
1.910000000000001252e+00
1.930000000000001270e+00
1.950000000000001288e+00
1.970000000000001306e+00
1.990000000000001323e+00
2.010000000000001119e+00
2.030000000000001137e+00
2.050000000000001155e+00
2.070000000000001172e+00
2.090000000000001190e+00
2.110000000000001208e+00
2.130000000000001226e+00
2.150000000000001243e+00
2.170000000000001261e+00
2.190000000000001279e+00
2.210000000000001297e+00
2.230000000000001315e+00
2.250000000000001332e+00
2.270000000000001350e+00
2.290000000000001368e+00
2.310000000000001386e+00
2.330000000000001403e+00
2.350000000000001421e+00
2.370000000000001439e+00
2.390000000000001457e+00
2.410000000000001474e+00
2.430000000000001492e+00
2.450000000000001510e+00
2.470000000000001528e+00
2.490000000000001545e+00
2.510000000000001563e+00
2.530000000000001581e+00
2.550000000000001599e+00
2.570000000000001616e+00
2.590000000000001634e+00
2.610000000000001652e+00
2.630000000000001670e+00
2.650000000000001688e+00
2.670000000000001705e+00
2.690000000000001723e+00
2.710000000000001741e+00
2.730000000000001759e+00
2.750000000000001776e+00
2.770000000000001794e+00
2.790000000000001812e+00
2.810000000000001830e+00
2.830000000000001847e+00
2.850000000000001865e+00
2.870000000000001883e+00
2.890000000000001901e+00
2.910000000000001918e+00
2.930000000000001936e+00
2.950000000000001954e+00
2.970000000000001972e+00
2.990000000000001990e+00
3.010000000000002007e+00
3.030000000000002025e+00
3.050000000000002043e+00
3.070000000000002061e+00
3.090000000000002078e+00
3.110000000000002096e+00
3.130000000000002114e+00
3.150000000000002132e+00
3.170000000000002149e+00
3.190000000000002167e+00
3.210000000000002185e+00
3.230000000000002203e+00
3.250000000000002220e+00
3.270000000000002238e+00
3.290000000000002256e+00
3.310000000000002274e+00
3.330000000000002292e+00
3.350000000000002309e+00
3.370000000000002327e+00
3.390000000000002345e+00
3.410000000000002363e+00
3.430000000000002380e+00
3.450000000000002398e+00
3.470000000000002416e+00
3.490000000000002434e+00
3.510000000000002451e+00
3.530000000000002469e+00
3.550000000000002487e+00
3.570000000000002505e+00
3.590000000000002522e+00
3.610000000000002540e+00
3.630000000000002558e+00
3.650000000000002576e+00
3.670000000000002593e+00
3.690000000000002611e+00
3.710000000000002629e+00
3.730000000000002647e+00
3.750000000000002665e+00
3.770000000000002682e+00
3.790000000000002700e+00
3.810000000000002718e+00
3.830000000000002736e+00
3.850000000000002753e+00
3.870000000000002771e+00
3.890000000000002789e+00
3.910000000000002807e+00
3.930000000000002824e+00
3.950000000000002842e+00
3.970000000000002860e+00
3.990000000000002878e+00
4.010000000000002451e+00
4.030000000000002025e+00
4.050000000000001599e+00
4.070000000000001172e+00
4.090000000000000746e+00
4.110000000000000320e+00
4.129999999999999893e+00
4.149999999999999467e+00
4.169999999999999041e+00
4.189999999999998614e+00
4.209999999999998188e+00
4.229999999999997762e+00
4.249999999999997335e+00
4.269999999999996909e+00
4.289999999999996483e+00
4.309999999999996056e+00
4.329999999999995630e+00
4.349999999999995204e+00
4.369999999999994778e+00
4.389999999999994351e+00
4.409999999999993925e+00
4.429999999999993499e+00
4.449999999999993072e+00
4.469999999999992646e+00
4.489999999999992220e+00
4.509999999999991793e+00
4.529999999999991367e+00
4.549999999999990941e+00
4.569999999999990514e+00
4.589999999999990088e+00
4.609999999999989662e+00
4.629999999999989235e+00
4.649999999999988809e+00
4.669999999999988383e+00
4.689999999999987956e+00
4.709999999999987530e+00
4.729999999999987104e+00
4.749999999999986677e+00
4.769999999999986251e+00
4.789999999999985825e+00
4.809999999999985398e+00
4.829999999999984972e+00
4.849999999999984546e+00
4.869999999999984119e+00
4.889999999999983693e+00
4.909999999999983267e+00
4.929999999999982840e+00
4.949999999999982414e+00
4.969999999999981988e+00
4.989999999999981561e+00
5.009999999999981135e+00
5.029999999999980709e+00
5.049999999999980282e+00
5.069999999999979856e+00
5.089999999999979430e+00
5.109999999999979003e+00
5.129999999999978577e+00
5.149999999999978151e+00
5.169999999999977724e+00
5.189999999999977298e+00
5.209999999999976872e+00
5.229999999999976446e+00
5.249999999999976019e+00
5.269999999999975593e+00
5.289999999999975167e+00
5.309999999999974740e+00
5.329999999999974314e+00
5.349999999999973888e+00
5.369999999999973461e+00
5.389999999999973035e+00
5.409999999999972609e+00
5.429999999999972182e+00
5.449999999999971756e+00
5.469999999999971330e+00
5.489999999999970903e+00
5.509999999999970477e+00
5.529999999999970051e+00
5.549999999999969624e+00
5.569999999999969198e+00
5.589999999999968772e+00
5.609999999999968345e+00
5.629999999999967919e+00
5.649999999999967493e+00
5.669999999999967066e+00
5.689999999999966640e+00
5.709999999999966214e+00
5.729999999999965787e+00
5.749999999999965361e+00
5.769999999999964935e+00
5.789999999999964508e+00
5.809999999999964082e+00
5.829999999999963656e+00
5.849999999999963229e+00
5.869999999999962803e+00
5.889999999999962377e+00
5.909999999999961950e+00
5.929999999999961524e+00
5.949999999999961098e+00
5.969999999999960671e+00
5.989999999999960245e+00
6.009999999999959819e+00
6.029999999999959392e+00
6.049999999999958966e+00
6.069999999999958540e+00
6.089999999999958114e+00
6.109999999999957687e+00
6.129999999999957261e+00
6.149999999999956835e+00
6.169999999999956408e+00
6.189999999999955982e+00
6.209999999999955556e+00
6.229999999999955129e+00
6.249999999999954703e+00
6.269999999999954277e+00
6.289999999999953850e+00
6.309999999999953424e+00
6.329999999999952998e+00
6.349999999999952571e+00
6.369999999999952145e+00
6.389999999999951719e+00
6.409999999999951292e+00
6.429999999999950866e+00
6.449999999999950440e+00
6.469999999999950013e+00
6.489999999999949587e+00
6.509999999999949161e+00
6.529999999999948734e+00
6.549999999999948308e+00
6.569999999999947882e+00
6.589999999999947455e+00
6.609999999999947029e+00
6.629999999999946603e+00
6.649999999999946176e+00
6.669999999999945750e+00
6.689999999999945324e+00
6.709999999999944897e+00
6.729999999999944471e+00
6.749999999999944045e+00
6.769999999999943618e+00
6.789999999999943192e+00
6.809999999999942766e+00
6.829999999999942339e+00
6.849999999999941913e+00
6.869999999999941487e+00
6.889999999999941060e+00
6.909999999999940634e+00
6.929999999999940208e+00
6.949999999999939782e+00
6.969999999999939355e+00
6.989999999999938929e+00
7.009999999999938503e+00
7.029999999999938076e+00
7.049999999999937650e+00
7.069999999999937224e+00
7.089999999999936797e+00
7.109999999999936371e+00
7.129999999999935945e+00
7.149999999999935518e+00
7.169999999999935092e+00
7.189999999999934666e+00
7.209999999999934239e+00
7.229999999999933813e+00
7.249999999999933387e+00
7.269999999999932960e+00
7.289999999999932534e+00
7.309999999999932108e+00
7.329999999999931681e+00
7.349999999999931255e+00
7.369999999999930829e+00
7.389999999999930402e+00
7.409999999999929976e+00
7.429999999999929550e+00
7.449999999999929123e+00
7.469999999999928697e+00
7.489999999999928271e+00
7.509999999999927844e+00
7.529999999999927418e+00
7.549999999999926992e+00
7.569999999999926565e+00
7.589999999999926139e+00
7.609999999999925713e+00
7.629999999999925286e+00
7.649999999999924860e+00
7.669999999999924434e+00
7.689999999999924007e+00
7.709999999999923581e+00
7.729999999999923155e+00
7.749999999999922728e+00
7.769999999999922302e+00
7.789999999999921876e+00
7.809999999999921450e+00
7.829999999999921023e+00
7.849999999999920597e+00
7.869999999999920171e+00
7.889999999999919744e+00
7.909999999999919318e+00
7.929999999999918892e+00
7.949999999999918465e+00
7.969999999999918039e+00
7.989999999999917613e+00
8.009999999999918074e+00
8.029999999999917648e+00
8.049999999999917222e+00
8.069999999999916795e+00
8.089999999999916369e+00
8.109999999999915943e+00
8.129999999999915516e+00
8.149999999999915090e+00
8.169999999999914664e+00
8.189999999999914237e+00
8.209999999999913811e+00
8.229999999999913385e+00
8.249999999999912959e+00
8.269999999999912532e+00
8.289999999999912106e+00
8.309999999999911680e+00
8.329999999999911253e+00
8.349999999999910827e+00
8.369999999999910401e+00
8.389999999999909974e+00
8.409999999999909548e+00
8.429999999999909122e+00
8.449999999999908695e+00
8.469999999999908269e+00
8.489999999999907843e+00
8.509999999999907416e+00
8.529999999999906990e+00
8.549999999999906564e+00
8.569999999999906137e+00
8.589999999999905711e+00
8.609999999999905285e+00
8.629999999999904858e+00
8.649999999999904432e+00
8.669999999999904006e+00
8.689999999999903579e+00
8.709999999999903153e+00
8.729999999999902727e+00
8.749999999999902300e+00
8.769999999999901874e+00
8.789999999999901448e+00
8.809999999999901021e+00
8.829999999999900595e+00
8.849999999999900169e+00
8.869999999999899742e+00
8.889999999999899316e+00
8.909999999999898890e+00
8.929999999999898463e+00
8.949999999999898037e+00
8.969999999999897611e+00
8.989999999999897184e+00
9.009999999999896758e+00
9.029999999999896332e+00
9.049999999999895905e+00
9.069999999999895479e+00
9.089999999999895053e+00
9.109999999999894627e+00
9.129999999999894200e+00
9.149999999999893774e+00
9.169999999999893348e+00
9.189999999999892921e+00
9.209999999999892495e+00
9.229999999999892069e+00
9.249999999999891642e+00
9.269999999999891216e+00
9.289999999999890790e+00
9.309999999999890363e+00
9.329999999999889937e+00
9.349999999999889511e+00
9.369999999999889084e+00
9.389999999999888658e+00
9.409999999999888232e+00
9.429999999999887805e+00
9.449999999999887379e+00
9.469999999999886953e+00
9.489999999999886526e+00
9.509999999999886100e+00
9.529999999999885674e+00
9.549999999999885247e+00
9.569999999999884821e+00
9.589999999999884395e+00
9.609999999999883968e+00
9.629999999999883542e+00
9.649999999999883116e+00
9.669999999999882689e+00
9.689999999999882263e+00
9.709999999999881837e+00
9.729999999999881410e+00
9.749999999999880984e+00
9.769999999999880558e+00
9.789999999999880131e+00
9.809999999999879705e+00
9.829999999999879279e+00
9.849999999999878852e+00
9.869999999999878426e+00
9.889999999999878000e+00
9.909999999999877573e+00
9.929999999999877147e+00
9.949999999999876721e+00
9.969999999999876295e+00
9.989999999999875868e+00
1.000999999999987544e+01
